
 Bonds

1 1 1 4
2 1 4 7
3 1 7 10
4 1 10 13
5 1 13 16
6 1 16 19
7 1 19 22
8 1 22 25
9 1 25 28
10 2 1 2
11 2 4 5
12 2 7 8
13 2 10 11
14 2 13 14
15 2 16 17
16 2 19 20
17 2 22 23
18 2 25 26
19 2 28 29
20 3 1 3
21 3 4 6
22 3 7 9
23 3 10 12
24 3 13 15
25 3 16 18
26 3 19 21
27 3 22 24
28 3 25 27
29 3 28 30

 Angles

1 1 1 4 7
2 1 4 7 10
3 1 7 10 13
4 1 10 13 16
5 1 13 16 19
6 1 16 19 22
7 1 19 22 25
8 1 22 25 28
9 2 2 1 4
10 2 8 7 10
11 2 14 13 16
12 2 20 19 22
13 2 26 25 28
14 3 3 1 4
15 3 9 7 10
16 3 15 13 16
17 3 21 19 22
18 3 27 25 28
19 4 5 4 1
20 4 11 10 7
21 4 17 16 13
22 4 23 22 19
23 4 29 28 25
24 5 6 4 1
25 5 12 10 7
26 5 18 16 13
27 5 24 22 19
28 5 30 28 25
29 6 2 1 3
30 6 5 4 6
31 6 8 7 9
32 6 11 10 12
33 6 14 13 15
34 6 17 16 18
35 6 20 19 21
36 6 23 22 24
37 6 26 25 27
38 6 29 28 30

 Impropers

1 1 1 4 7 10
2 1 4 7 10 13
3 1 7 10 13 16
4 1 10 13 16 19
5 1 13 16 19 22
6 1 16 19 22 25
7 1 19 22 25 28
8 2 2 1 4 6
9 2 5 4 7 9
10 2 8 7 10 12
11 2 11 10 13 15
12 2 14 13 16 18
13 2 17 16 19 21
14 2 20 19 22 24
15 2 23 22 25 27
16 2 26 25 28 30
17 3 3 1 4 5
18 3 6 4 7 8
19 3 9 7 10 11
20 3 12 10 13 14
21 3 15 13 16 17
22 3 18 16 19 20
23 3 21 19 22 23
24 3 24 22 25 26
25 3 27 25 28 29
