
 Bonds

1 1 1 4
2 1 4 7
3 1 7 10
4 1 10 13
5 1 13 16
6 1 16 19
7 1 19 22
8 1 22 25
9 1 25 28
10 1 28 1
11 2 1 2
12 2 4 5
13 2 7 8
14 2 10 11
15 2 13 14
16 2 16 17
17 2 19 20
18 2 22 23
19 2 25 26
20 2 28 29
21 3 1 3
22 3 4 6
23 3 7 9
24 3 10 12
25 3 13 15
26 3 16 18
27 3 19 21
28 3 22 24
29 3 25 27
30 3 28 30

 Angles

1 1 1 4 7
2 1 4 7 10
3 1 7 10 13
4 1 10 13 16
5 1 13 16 19
6 1 16 19 22
7 1 19 22 25
8 1 22 25 28
9 1 25 28 1
10 1 28 1 4
11 2 2 1 4
12 2 8 7 10
13 2 14 13 16
14 2 20 19 22
15 2 26 25 28
16 3 3 1 4
17 3 9 7 10
18 3 15 13 16
19 3 21 19 22
20 3 27 25 28
21 4 5 4 1
22 4 11 10 7
23 4 17 16 13
24 4 23 22 19
25 4 29 28 25
26 5 6 4 1
27 5 12 10 7
28 5 18 16 13
29 5 24 22 19
30 5 30 28 25
31 6 2 1 3
32 6 5 4 6
33 6 8 7 9
34 6 11 10 12
35 6 14 13 15
36 6 17 16 18
37 6 20 19 21
38 6 23 22 24
39 6 26 25 27
40 6 29 28 30

 Impropers

1 1 1 4 7 10
2 1 4 7 10 13
3 1 7 10 13 16
4 1 10 13 16 19
5 1 13 16 19 22
6 1 16 19 22 25
7 1 19 22 25 28
8 1 22 25 28 1
9 1 25 28 1 4
10 1 28 1 4 7
11 2 2 1 4 6
12 2 5 4 7 9
13 2 8 7 10 12
14 2 11 10 13 15
15 2 14 13 16 18
16 2 17 16 19 21
17 2 20 19 22 24
18 2 23 22 25 27
19 2 26 25 28 30
20 2 29 28 1 3
21 3 3 1 4 5
22 3 6 4 7 8
23 3 9 7 10 11
24 3 12 10 13 14
25 3 15 13 16 17
26 3 18 16 19 20
27 3 21 19 22 23
28 3 24 22 25 26
29 3 27 25 28 29
30 3 30 28 1 2
